3.56
2.671
2.697
3.628
5.241
3.739
3.573
3.55
3.546
3.806
12.166
46.763
10.511
10.508
8.128
4.424
2.59
2.64
2.562
5.469
5.485
5.502
5.519
5.535
5.551
5.567
5.584
5.601
5.616
5.633
5.649
5.665
5.681
5.697
5.715
5.731
5.748
5.765
5.78
5.796
5.813
5.83
5.846
5.862
5.878
5.895
5.912
5.928
5.944
5.96
5.977
5.992
6.008
6.025
6.04
6.056
7.103
7.119
7.136
7.153
7.168
7.185
7.202
7.218
7.235
7.252
7.269
7.286
7.303
7.319
7.335
7.352
7.369
7.385
7.402
7.418
7.435
7.453
7.469
7.486
7.503
7.519
7.535
7.551
7.568
7.585
7.601
7.618
7.634
7.65
7.666
7.682
7.699
9.494
5.456
5.481
5.47
5.414
2.531
2.633
5.417
2.55
6.444
3.738
3.129
3.673
3.595
1.644
1.662
1.678
1.694
1.711
1.727
1.744
1.761
1.777
1.794
1.811
1.827
1.843
1.861
1.875
1.892
1.91
1.926
1.942
1.96
1.975
1.993
2.009
2.024
2.042
2.057
2.073
2.092
2.107
2.124
2.138
2.154
2.17
2.186
2.203
2.218
2.235
2.251
2.268
2.284
2.301
2.318
2.333
2.349
2.365
2.381
2.398
2.414
2.429
2.445
2.461
2.477
2.493
2.509
2.526
2.542
2.558
2.574
2.592
2.609
2.626
2.641
2.658
2.674
2.691
9.445
5.596
2.727
3.638
6.516
3.749
2.666
0
0
0
0
0
1815
1815
3.39
4.455
4.455
4.455
7.095
9.735
9.69
1.815
1.815
4.965
6.54
8.115
3.39
15.015
3.39
9.69
4.965
9.69
14.415
1.815
11.265
1.815
1.815
1.815
1.815
1.815
3.39
1.815
1.86
3.39
1.815
1.815
1.815
9.735
2.58
19.575
31.23
1.83
8.1
53.73
3.405
8.115
4.32
1.83
9.705
5.235
1.83
5.07
17.13
11.1
1.83
1.305
1.305
1.305
5.1
37.785
11.325
80.775
4.53
9.225
1.83
4.785
1.83
122.055
34.8
16.89
2.775
1.305
2.73
18.435
4.365
4.98
3.75
3.63
2.58
30.93
3.24
2.295
3.735
4.695
4.515
6.585
6.975
6.78
2.445
6.375
1.98
6.6
4.515
78.585
27.795
5.745
132.18
9.9
13.005
14.295
2.055
27.81
23.865
1.305
14.565
7.53
5.07
4.32
5.79
4.05
9.435
6.96
9.84
1.305
14.88
3.405
12.855
5.07
6.495
12.24
2.64
2.985
1.44
9.825
1.305
1.305
12.63
1.83
3.57
1.305
6.555
8.085
2.64
5.07
2.31
2.175
2.055
6.96
2.565
4.125
40.455
17.745
8.085
8.085
9.705
1.455
1.305
4.08
3.405
2.28
4.32
2.505
6.555
8.085
5.085
8.085
4.17
3.57
6.57
6.555
8.1
4.515
9.705
86.61
91.44
57.12
114.6
67.17
115.2
30.75
125.685
11.52
20.325
10.365
14.325
15.39
14.025
8.1
4.32
10.5
7.185
45.615
67.965
45.465
8.1
29.115
32.925
148.83
203.925
13.155
25.695
14.025
51.135
41.28
177.72
25.455
50.655
17.58
21.63
4.32
2.895
5.07
5.43
4.02
33.36
22.305
8.13
17.865
23.88
63.0
17.13
15.24
6.975
8.97
9.255
10.755
10.86
3.465
2.1
3.12
8.46
5.565
5.37
10.05
3.405
4.935
3.405
3.33
3.405
11.115
3.405
31.32
29.865
5.865
8.895
2.265
5.82
4.245
4.32
3.405
4.32
1.83
1.83
1.83
1.83
3.405
1.83
1.83
1.83
1.575
1.5
1.305
1.305
5.805
5.07
1.44
3.405
1.83
13.65
2.985
2.505
6.555
14.43
3.825
2.505
48.42
2.91
3.48
15.915
7.965
5.295
9.33
3.57
3.96
8.34
2.055
89.58
23.445
7.83
8.295
10.245
1.815
1.545
1.305
1.305
1.305
1.305
1.305
3.255
80.34
53.22
1.395
0.39
0.315
1.395
11.91
5.91
1.395
35.94
24.375
7.44
8.91
8.91
26.19
14.895
30.75
5.895
22.41
7.395
5.91
16.11
28.77
5.31
23.955
4.395
86.775
1.395
16.395
1.395
1.395
1.395
26.895
68.865
10.395
35.445
25.5
32.895
16.41
4.395
25.275
23.955
25.2
1.41
1.41
8.22
34.35
19.83
1.41
8.895
12.465
32.835
8.895
14.97
11.895
12.15
31.62
13.395
6.15
45.075
9.675
7.395
7.26
29.895
13.395
6.0
8.01
16.395
17.07
32.43
8.97
21.825
23.04
8.955
1.41
16.5
4.95
6.96
8.475
10.44
12.435
7.395
2.895
1.41
21.54
14.13
10.875
7.485
13.395
43.395
23.895
26.76
1.395
52.845
34.395
20.895
20.67
24.675
73.395
86.595
4.395
8.595
81.33
22.89
30.15
16.395
8.655
23.985
34.95
22.215
112.035
14.895
20.67
25.86
19.665
14.085
69.09
5.895
61.155
11.175
9.21
24.675
14.37
130.935
34.395
43.485
17.895
7.53
32.895
5.07
16.395
7.8
3.57
8.895
7.395
9.96
12.33
1.83
130.41
1.395
4.395
4.395
5.895
43.005
11.025
8.895
6.765
3.57
11.025
8.895
8.895
5.7
8.895
6.765
1.44
16.35
8.895
3.57
3.465
4.395
4.395
1.395
4.395
61.395
34.395
43.23
12.675
76.26
29.01
1.395
4.41
25.41
1.395
4.395
7.395
11.175
5.895
47.985
2.895
11.91
6.765
21.675
8.175
6.555
3.405
11.025
32.325
34.395
8.895
15.285
3.57
3.12
4.035
2.895
1.485
2.895
1.44
5.835
7.395
7.395
1.395
1.395
25.875
2.895
2.895
2.505
2.895
1.395
6.585
1.395
14.34
1.395
8.22
55.38
2.895
15.285
28.065
4.395
8.895
4.395
1.395
19.545
3.06
1.395
41.985
1.395
2.505
1.83
2.895
1.875
4.635
7.41
3.615
1.44
6.555
2.895
12.09
5.895
2.91
7.56
5.91
1.41
4.395
3.57
8.52
4.095
9.96
16.005
11.1
9.705
36.345
1.41
1.41
4.41
35.88
33.165
25.935
2.505
9.705
9.96
13.395
2.505
5.835
14.355
6.18
25.56
1.44
2.895
2.895
45.09
37.41
20.895
2.07
2.955
11.07
2.895
5.895
20.91
4.41
10.395
7.65
22.395
1.41
11.625
8.895
59.895
115.5
1.905
5.895
1.56
10.155
31.515
5.82
35.895
38.91
1.41
39.765
18.075
34.26
43.905
4.86
50.79
31.395
37.23
17.895
25.395
4.32
1.635
20.895
64.395
7.395
64.395
16.395
73.71
2.895
4.395
1.305
5.895
1.515
35.49
2.895
45.03
1.395
2.925
7.305
2.895
8.895
1.395
2.895
16.395
42.075
2.895
1.395
1.44
3.09
1.425
5.895
28.395
6.03
18.285
6.03
5.835
2.64
8.895
10.395
20.64
14.895
5.835
6.495
9.57
10.41
11.91
7.35
7.095
6.57
1.395
19.395
1.305
25.395
6.96
66.885
57.06
115.17
38.1
7.395
4.395
17.16
1.59
1.545
14.91
1.395
3.855
8.25
1.65
1.395
5.91
4.275
1.395
2.895
2.895
1.395
1.41
1.395
16.41
2.91
6.165
1.395
9.21
42.135
4.41
2.895
1.395
1.395
1.395
1.41
1.395
1.395
2.91
2.805
7.62
3.705
22.38
15.03
3.705
17.4
7.395
2.895
1.395
6.03
2.49
4.86
1.395
5.685
1.395
5.91
6.195
1.395
1.395
3.225
1.395
3.255
16.35
13.2
11.025
4.395
3.6
7.68
1.41
16.965
9.6
9.6
9.36
10.395
3.57
26.76
6.72
9.36
14.64
16.35
4.395
20.4
6.72
4.635
8.895
41.91
10.395
13.155
11.4
5.07
3.405
7.395
3.45
6.765
5.7
2.985
4.98
5.7
5.82
10.335
6.6
10.08
6.36
6.6
63.405
6.84
7.68
18.405
51.645
7.83
9.36
10.395
6.96
5.025
1.44
2.895
19.395
21.6
3.09
6.465
9.705
23.4
20.535
3.57
11.28
8.52
24.84
6.72
9.96
12.09
6.0
45.315
6.84
33.645
42.81
17.13
25.905
23.46
36.09
37.38
35.775
12.24
6.555
16.68
11.88
2.91
13.08
36.66
10.215
2.895
51.495
3.57
1.395
2.91
18.33
11.895
12.48
15.21
51.96
38.64
9.24
1.395
50.85
7.65
1.41
2.91
2.91
6.99
17.895
4.395
3.405
9.645
5.88
8.19
10.11
7.665
13.065
6.54
6.795
4.395
6.78
5.865
13.02
9.705
6.9
12.21
3.96
4.395
6.015
3.51
5.55
16.125
13.68
7.395
1.44
7.395
6.495
6.765
9.6
2.895
14.895
7.275
7.095
6.765
7.395
6.765
6.24
7.395
6.63
5.7
6.435
7.395
5.7
6.99
6.735
7.395
7.395
2.895
6.975
6.81
2.505
4.635
6.585
6.555
4.98
6.855
3.09
9.6
7.125
23.145
3.57
6.42
14.34
2.055
8.91
8.895
5.535
1.395
6.555
7.2
7.08
5.07
1.83
6.18
6.705
1.41
1.41
3.57
3.525
6.765
1.41
23.085
14.22
13.635
16.395
6.81
7.83
16.35
4.635
7.395
7.245
5.7
15.105
7.83
6.825
10.365
6.96
6.855
6.96
6.96
6.96
6.96
1.395
20.145
4.98
9.6
2.895
6.945
6.945
6.78
7.08
6.69
6.675
31.545
22.44
29.61
31.92
28.98
49.53
39.78
42.75
1.395
13.755
15.63
1.41
17.925
16.005
1.395
16.755
1.395
19.515
2.895
13.32
16.515
27.525
8.85
7.395
21.645
45.315
16.995
1.83
17.955
3.57
5.7
9.135
14.43
9.96
2.505
3.57
12.915
9.825
3.57
23.91
6.765
79.395
2.895
4.635
3.57
3.03
2.355
